q = 1000000.0000000000000000
nu = 0.0000009999980000
chi1x0 = 0.0000000000000000
chi1y0 = 0.0000000000000000
chi1z0 = 0.0000000000000000
chi2x0 = 0.0000000000000000
chi2y0 = 0.0000000000000000
chi2z0 = 0.0000000000000000
motion = generic
x0 = 10.0000000000000000
y0 = 0.0000000000000000
z0 = 0.0000000000000000
E0 = 0.9800000000000000
pphi0 = 4.0000000000000000
pots = resummed
coords = canonical
solver = RK4
step = standard
dt = 0.2000000000000000
tmax_traj = 0.0000000000000000
tmax_poincare = 500000.0000000000000000
poincare_on = 1
poincare_surface = z
poincare_direction = positive
poincare_value = 0.0000000000000000
scan_on = 1
scan_rmin = 7.0000000000000000
scan_rmax = 24.0000000000000000
scan_nr = 35
